amount0,amount1,sqrtPriceX96,liquidity,tick,block,logIndex
213653,-113352924537005,1827653711945459675254872617862590,1613094638254782313,200934,25598911,39
-4314452408,2302957795836029696,1827766483839218657981534389592010,1613094638254782313,200935,25598913,28
-5785021071,3088360367375866368,1827917715549964242819425993323307,1613094638254782313,200937,25598922,12
-2603526383,1390071417224712648,1827985784963335214212014761419223,1613094638254782313,200937,25598922,199
-1998648155,1067185867033158300,1828038043225052277826658677220889,1613094638254782313,200938,25598923,24
-15988298670,8539216463053582000,1828458121957891892632669390318195,1602056872577935203,200943,25598925,26
747733,-397056311065027,1828458102321858691293292003357667,1602056872577935203,200943,25598980,223
-2650065826,1415757732344052992,1828527907197055120240626441598207,1602056872577935203,200943,25599009,43
-9974755179,5329831956191817728,1828790698101190895496460204293149,1602056872577935203,200946,25599010,15
-8931569883,4773724753697262592,1829026069770397474552796422515906,1602056872577935203,200949,25599014,15
-2357540432,1260257728370314938,1829088207614630590968278752715137,1602056872577935203,200949,25599014,164
-5111202122,2732561960354499584,1829222938396777363336971716114063,1602056872577935203,200951,25599015,32
-1168226814,624616473375000111,1829253735526804253857566392440227,1602056872577935203,200951,25599015,498
-1413946052,756023447535036032,1829291011764959336832570451257160,1602056872577935203,200952,25599017,390
-6722528329,3594893220417181696,1829468260362556773084338020533986,1602056872577935203,200954,25599021,8
-4701958255,2514801064825518090,1829592254299134709730976278995181,1602056872577935203,200955,25599022,50
-2061494542,1102679739218574976,1829646622655965324482270532641881,1602056872577935203,200956,25599023,93
-3930854301,2102769488189122304,1829750301102027471488270524539239,1602056872577935203,200957,25599027,109
-2048184893,1095749574372520320,1829804327762478036405708975038665,1602056872577935203,200957,25599028,169
-2753868016,1473381929148137144,1829876973836966058578037291750406,1602056872577935203,200958,25599029,183
-5912521527,3163728552746827776,1830032963574288010461912269964526,1602056872577935203,200960,25599031,32
-6665141439,3567094424543566848,1830208841533793747337882179151125,1602056872577935203,200962,25599032,18
-102130955550,54744992947648900237,1832908079767169211164203202443922,1602056872577935203,200991,25599033,11
-14679208941,7881733882180590540,1833296693890481219809367067800416,1602056872577935203,200995,25599034,84
-26194647977,14073125950846030965,1834013154936373375547365626389250,1497007887936934603,201003,25599034,1026
-1100685229,591590372318586276,1834044370540968386159103761416030,1497007887936934603,201004,25599037,126
21477323674,-11470792728522199623,1833452509367636691144790225710751,1602161853278632916,200997,25599192,15
1570361405,-838426724858418905,1833411048507313840327316178468348,1602161853278632916,200997,25599193,406
33487024051,-17869930277200131599,1832527366414132483155678155795218,1602161853278632916,200987,25599194,15
7440116220,-3967986110289454103,1832331146383205505938605207453696,1602161853278632916,200985,25599302,156
4690713767,-2501229452798196051,1832207458621468929093474825803662,1602161853278632916,200984,25599306,28
935510481,-498801895087724786,1832182792475832293161339600777821,1602161853278632916,200983,25599306,128
28537687140,-15209468811309339340,1831430672292548609816211297889073,1602161853278632916,200975,25599310,83
2396504,-1276718090196428,1831430609157835891504815683089041,1602161853278632916,200975,25599312,19
315786,-168232117837452,1831430600838625479105528446680498,1602161853278632916,200975,25599424,93
1169478307,-623019712557991215,1831399792024313039953693952417235,1602161853278632916,200975,25599439,126
68930510,-36720904496568497,1831397976146732899524683195814909,1602161853278632916,200975,25599440,335
1780366,-948441417064140,1831397929245559605050614012777038,1602161853278632916,200975,25599562,52
1950235,-1038934807256726,1831397877869417062012106881743196,1602161853278632916,200975,25599672,12
923479,-491958146630974,1831397853541700163913797250911536,1602161853278632916,200975,25599688,60
-8754781191,4692575100693492626,1831629208912957781009864929050624,1602161853278632916,200977,25599705,148
-26306290246,14107344980371359744,1832324735348946147918275115309735,1602161853278632916,200985,25599706,11
-3515486299,1886070889435845288,1832417723233312479670903150617929,1602161853278632916,200986,25599722,243
194511,-103735660778225,1832417718103502545772482815932101,1602161853278632916,200986,25599756,2057
20168031819,-10752821355095967588,1831885982638658572612441351897809,1602161853278632916,200980,25599809,175
232644,-124000831507143,1831885976506720023178439756026449,1602161853278632916,200980,25599811,46
17098396050,-9111322293702057646,1831435414460240113067859254521839,1602161853278632916,200975,25599845,27
8790762579,-4682640782221019255,1831203854194259165086002133860352,1602161853278632916,200973,25599860,28
60578,-32264311061073,1831203852598763632018308475170369,1602161853278632916,200973,25599872,45
9307973092,-4956856646307679281,1830958732142843453841207694928243,1602161853278632916,200970,25599876,13
4731418663,-2519155243357588706,1830834157936678850014399966529605,1602161853278632916,200969,25599877,32
3084937,-1642404995144788,1830834076718461350149371769977891,1602161853278632916,200969,25599879,188
6962704991,-3706538187357312881,1830650785492751333838146765496767,1602161853278632916,200967,25599900,27
13387902277,-7124853584992250241,1830298455884748905475392256608266,1602161853278632916,200963,25599902,18
471154,-250692995481526,1830298443487783301436683994243304,1602161853278632916,200963,25599912,16
4163082281,-2214974932069353432,1830188911237016066963765348407003,1602161853278632916,200962,25599989,28
1406865448,-748465197045982293,1830151899044929181001458953880249,1602161853278632916,200961,25599990,43
3394693534,-1805883149466688672,1830062596704248101414061244904659,1602161853278632916,200960,25600014,360
330901286,-176020913184309177,1830053892331785895289469309402409,1602161853278632916,200960,25600024,654
62000000,-32980334169198156,1830052261428347528658189328986763,1602161853278632916,200960,25600032,712
156374,-83181179417766,1830052257314972848345642105003085,1602161853278632916,200960,25600078,46
115883,-61642661679128,1830052254266694793708621856194293,1602161853278632916,200960,25600081,802
142212,-75648113158363,1830052250525836158893787511641809,1602161853278632916,200960,25600142,18
15634978894,-8315008151834873489,1829641066839360984276212753166894,1602161853278632916,200956,25600186,19
626658,-333194908424358,1829641050362610960831761612013100,1602161853278632916,200956,25600188,116
927949,-493391669626181,1829641025964105616602583531895430,1602168445681988236,200956,25600278,94
103929,-55259076892835,1829641023231512089215904781832633,1602168445681988236,200956,25600342,189
-275882364,147571713098888863,1829648298846128217517606071520994,1602168445681988236,200956,25600484,30
-271439435,145196299822173913,1829655457347571417947129778839900,1602168445681988236,200956,25600496,185
4716390518,-2507580850697762231,1829531456014445566705067366006211,1602168445681988236,200954,25600607,39
40297500,-21423656665489843,1829530396602149364151298084214699,1602168445681988236,200954,25600688,264
10191071331,-5417157924566259022,1829262514988596378234001571966909,1602168445681988236,200951,25600758,163
25032497744,-13299523395866067883,1828604845812917777907401684905495,1602168445681988236,200944,25600760,20
18154267364,-9639205424247742044,1828128511173750606312786578082417,1613206211358835346,200939,25600761,15
9199827764,-4882836231198259374,1827888704173422944879120382354806,1613206211358835346,200936,25600762,22
2789254106,-1480151937551994229,1827816010603668217710095913010273,1613206211358835346,200936,25600790,55
7192424,-3816595536785138,1827815823162131413232572376742662,1613206211358835346,200936,25600803,18
6740536266,-3576461623169370148,1827640175138517732910713863984279,1613206211358835346,200934,25600838,40
3719978054,-1973489085687181197,1827543252678822236656321861178838,1613206211358835346,200933,25600840,12
12499677669,-6629682826014099569,1827217654138065914167226609434624,1613206211358835346,200929,25600843,58
5575567681,-2956454066462479274,1827072456071263067740246075338298,1613206211358835346,200927,25600845,42
10859277356,-5756801401839446703,1826789726688115517271883606123403,1613206211358835346,200924,25600850,15
1067589214,-565862198223880377,1826761935930873268996571375786887,1613206211358835346,200924,25600860,72
102710,-54438849333694,1826761933257259708789350303194845,1613206211358835346,200924,25600919,141
2836319710,-1503271857724487964,1826688104216552882921211356779106,1613206211358835346,200923,25600957,37
3755228559,-1990113881554281083,1826590365275976361793525989493577,1613206211358835346,200922,25600961,25
173217,-91792658869878,1826590360767833730459800660369614,1613206211358835346,200922,25600962,62
2032291100,-1076940360242749185,1826537469819808175299597663490275,1613206211358835346,200922,25600962,156
2900583465,-1536952979943965230,1826461986623912708160446501731242,1613206211358835346,200921,25600963,116
8670884122,-4593746234009491777,1826236377479455702810651715630629,1613206211358835346,200918,25600964,25
12055334242,-6384908058848987728,1825922800374580174224046783954326,1613206211358835346,200915,25600972,19
17378594006,-9200426608787797713,1825470946861105534778506801067223,1613206211358835346,200910,25600973,18
18167635157,-9613286890307728255,1824998816856473330566627736226025,1613206211358835346,200905,25600974,15
18588660066,-9830924014128864370,1824515998206276890687012815578817,1613206211358835346,200899,25600975,12
3040213079,-1607372649520287928,1824437056543022378232055455824243,1613206211358835346,200899,25600976,110
687992,-363728330380204,1824437038679511149787629934442384,1613206211358835346,200899,25600979,353
11827633479,-6251993423739949431,1824129989309426620371438069292760,1613206211358835346,200895,25601004,18
8756259178,-4627133799498645141,1823902740427008091706925828192502,1613206211358835346,200893,25601006,21
13923282976,-7355208193653990845,1823541509713916419460479961681469,1613206211358835346,200889,25601007,8
3654282568,-1929953520880949594,1823446725383109425959489317432240,1613206211358835346,200888,25601008,48
13604458458,-7183223456157910193,1823093941224857655483672918974772,1613206211358835346,200884,25601009,15
7130708407,-3763940291548151143,1822909085704829886562623217583820,1613206211358835346,200882,25601011,12
84205700527,-44390458538286852213,1820737477449897233717036187907294,1620197336976127727,200858,25601012,11
55319871355,-29105307882409370882,1819314218683629304166053248532041,1620197336976127727,200842,25601013,49
9726498937,-5112676061483089788,1819064207206238547592836418201511,1620197336976127727,200840,25601014,60
38456680211,-20200770543140294757,1818076383133837381345275163844894,1620197336976127727,200829,25601016,18
800000000,-419996162699337127,1818055845188567199250743241243847,1620197336976127727,200828,25601018,134
24358876051,-12783751481110170260,1817430715695527989756848860297487,1620197336976127727,200822,25601022,226
13469467735,-7064738146443367027,1816866570632352757412289564013889,673183108730047169,200815,25601023,41
7383055355,-3869985144663822082,1816411104938111507024640060409760,673183108730047169,200810,25601027,54
-3312283716,1746427229072183296,1816616028561230241871423289418250,673183108730047169,200813,25601082,61
-6770271741,3570904351189021184,1817035034085923572314226089804498,673183108730047169,200817,25601083,32
294183,-154269294391446,1817035015929685591144432538914773,673183108730047169,200817,25601113,274
-6782524132,3578892938921488384,1817329719832066570034103663571495,1620197336976127727,200820,25601135,28
-12223550537,6451870885151638528,1817644271864559093540366069100488,1620197336976127727,200824,25601138,737
-1886650487,996016454099727104,1817692831267809721661212389487606,1620197336976127727,200824,25601139,239
-10635440914,5615747500069250048,1817966619262262135998966806361818,1620197336976127727,200827,25601140,15
-4746261100,2506676577702501385,1818088828808354004693167732592897,1620197336976127727,200829,25601141,185
1709516,-897509866731708,1818088784919837490841323114242095,1620197336976127727,200829,25601142,37
-7304237136,3858296914103920129,1818276890844133664253430261088256,1620197336976127727,200831,25601161,134
-10321726765,5453578538392967318,1818542772515379910155736420647129,1620197336976127727,200834,25601162,16
-25658826483,13563988168381956096,1819204065979402603146486764949630,1620197336976127727,200841,25601163,15
-5035570896,2663104567024308224,1819333901955541783093482131892071,1620197336976127727,200843,25601165,21
-9828216207,5198831007746821120,1819587363763625297186566704071527,1620197336976127727,200845,25601166,24
-25884284015,13698942161048599623,1820255236722718787169704213005884,1620197336976127727,200853,25601168,15
-16985383415,8994773318123842560,1820693764442722730909459846878832,1620197336976127727,200857,25601171,14
-2258743215,1196465716536269824,1820752096472244623888481619553521,1620197336976127727,200858,25601178,36
-199365897,105608458684637641,1820754279176794029087315767430426,3821892723611203311,200858,25601287,108
232881,-122623034034464,1820754273180488858874643336357418,1620197336976127727,200858,25601288,144
150407,-79196220934310,1820754269307768592336141759398209,1620197336976127727,200858,25601311,39
362781,-191021568699212,1820754259966753431258947216123334,1620197336976127727,200858,25601328,42
148909,-78407716861336,1820754256132591263423030033070446,1620197336976127727,200858,25601331,71
140586,-74025266944810,1820754252512732283398282170500178,1620197336976127727,200858,25601357,39
-20134304485,10668638984697882624,1821274387235869542661905252923826,1620197336976127727,200864,25601381,18
-1870194,991250000000000,1821274435562890922738032926094821,1620197336976127727,200864,25601384,35
-2500456620,1325351853604912640,1821339051257584782147036893061975,1620197336976127727,200865,25601387,33
-13577406359,7198263864036184064,1821689992646393565064962963672699,1620197336976127727,200868,25601388,12
-3803991202,2017239989010159616,1821788340389220943139695743100416,1620197336976127727,200869,25601389,150
249255,-131393927390024,1821788333964016312157315272153884,1620197336976127727,200869,25601463,107
-1909019584,1012426858429806668,1821837693433810108448590341102304,1620197336976127727,200870,25601583,260
-4996028164,2649846483770000000,1821966883030455830859334018030061,1620197336976127727,200871,25601585,74
-21056828636,11172475541780030138,1822511581607379897577391340677494,1620197336976127727,200877,25601588,61
-16071932466,8532054218173112320,1822928534805223913062796433203440,1613206211358835346,200882,25601594,12
-27185823473,14440953840257851948,1823635634640924989189041881612288,1613206211358835346,200890,25601595,11
-9737991439,5175490896551392495,1823889052026168744018754196733952,1613206211358835346,200893,25601633,5
-45311347020,24100740471687249920,1825069142331581702930029266102281,1613206211358835346,200905,25601638,15
161232,-85299218891903,1825069138142346421586130403774135,1613206211358835346,200905,25601788,18
23096878,-12219340419022290,1825068538023228531534201002728506,1613206211358835346,200905,25601948,192
196974,-104208484098661,1825068532905316974164537902843087,1613206211358835346,200905,25602169,299
-8510748640,4530275097694105088,1825290357364607883471612396066425,1613206211358835346,200908,25602319,35
-2311228027,1230457800011160320,1825350606605610198292680678566394,1613206211358835346,200909,25602320,86
-2966263003,1579306114128098816,1825427937168824694643259902505427,1613206211358835346,200909,25602339,138
626521,-331589447663693,1825427920883725825983750940198757,1613206211358835346,200909,25602346,38
-1408566885,750000000000000000,1825464644557427862955561428071456,1613206211358835346,200910,25602378,160
-9405368438,5008719175142712320,1825709895982298631939478217927482,1613206211358835346,200912,25602383,9
-5174130783,2755996837729819136,1825844843087088812758887449197435,1613206211358835346,200914,25602388,79
-8502190358,4529570134977006545,1826066633027951995628237082329088,1613206211358835346,200916,25602389,49
-8309527328,4427991707079602688,1826283449191426818299289980117111,1613206211358835346,200919,25602391,12
-19165063742,10216714458429995008,1826783709575531173646327442125582,1613206211358835346,200924,25602392,12
327853,-173775611367835,1826783701041022515345574404569991,1613206211358835346,200924,25602462,150
-8814097,4700000000000000,1826783931176044381443931083627326,1613206211358835346,200924,25602521,17
89752,-47571941914814,1826783928839679991939558166505259,1613206211358835346,200924,25602640,420
300691,-159378391669953,1826783921012250970417920395896892,1613206211358835346,200924,25602673,26
-6321946042,3371398301618429952,1826949001187115286213601161194762,1613206211358835346,200926,25602693,27
-27923855560,14898662680841217027,1827678512689632523882229724819959,1613206211358835346,200934,25602700,13
-1414467199,755000000000000000,1827715481187825907767185615945143,1613206211358835346,200934,25602701,76
-3377680429,1803027663181776754,1827803766253930486153580800811635,1613206211358835346,200935,25602703,96
-26545940692,14176469084863932068,1828500130864667834591276359888513,1602168445681988236,200943,25602740,15
-16787194202,8970544654954882048,1828942398725057081323883222561706,1602168445681988236,200948,25602742,12
172435,-91613549777254,1828942394194713702122397701419960,1602168445681988236,200948,25602743,1371
-4568377625,2441947433692168192,1829062787649985730874240491019051,1602168445681988236,200949,25602746,65
-2806277257,1500206492738333563,1829136751176305056228864470024192,1602168445681988236,200950,25602774,185
-5047204007,2698487880566900736,1829269792647824339237697777188395,1602168445681988236,200951,25602775,40
-4737701910,2533369770775986455,1829394693428233143438878378109540,1602168445681988236,200953,25602778,13
-1850132463,989406838905118080,1829443473392274162478578205710161,1602168445681988236,200953,25602779,1583
-9667648332,5170886725767876608,1829698409641575071689474875656994,1602168445681988236,200956,25602784,62
-41887946797,22421056209007877906,1830803817723095270476687250427366,1602168445681988236,200968,25602785,38
-48934297998,26227039997296754688,1832096869294667428370943748213521,1602168445681988236,200982,25602786,8
-6631499501,3557098164057764352,1832272242168302631032881923510861,1602168445681988236,200984,25602788,76
-16709601337,8965954481230897152,1832714283722888851588917509606170,1602168445681988236,200989,25602793,35
-40119630497,21544873377973764096,1833784046813270474342521300281722,1497119461040987636,201001,25602794,8
-70886418393,38131272392453622243,1835795915279633680596081273882029,1497119461040987636,201023,25602795,24
-5124110097,2759607831105407059,1835941516714534360507141022884235,1497119461040987636,201024,25602795,1216
-19852243727,10695631413982496671,1836505835768673599288478808875658,1497119461040987636,201030,25602797,646
165424,-88617035233096,1836505831382382797997305354102934,1600661056698139682,201030,25602833,963
4619153963,-2474309881240651828,1836383360091811159082985989887998,1600661056698139682,201029,25602850,329
1998615240,-1070481958291170096,1836330374284350438761698895135070,1600661056698139682,201029,25602851,197
10085769357,-5401115046444967889,1836063034475671205322124567636758,1600661056698139682,201026,25602853,18
7216307060,-3863500152673369868,1835871802224040549041250934321899,1600661056698139682,201024,25602854,15
20000000,-10706575008790931,1835871272279077361485941404993637,1600661056698139682,201024,25602855,472
4885509219,-2615168387360731951,1835741828893715449427252156370279,1600661056698139682,201022,25602864,40
5846708158,-3129204675468965173,1835586942176423866614607236676090,1600661056698139682,201020,25602876,577
167154,-89454312164997,1835586937748525402789142541504462,1600601468103017031,201020,25602907,37
-1520145436,818446484224094854,1835627328489329090426155553175010,1600601468103017031,201021,25602951,149
-1464089005,788299746600354350,1835666231473646669336345013375586,1600601468103017031,201021,25602958,138
-4111214446,2213752623389334784,1835775481265952356409983776422362,1600601468103017031,201022,25602961,359
175893,-94150554290176,1835775476603571426400143375360459,1599906899090376924,201022,25602998,452
-843225269,454081405937208292,1835797895475156028354429919657317,1599906899090376924,201023,25603010,193
-17788850671,9581978701185155072,1836270976176588596061618546134605,1599906899090376924,201028,25603013,38
-1587764400,855490643015449088,1836313213393565157424889830547345,1599906899090376924,201028,25603015,1136
168979,-90502813710430,1836313208911822103047869758106637,1599906899090376924,201028,25603015,1153
-28829132690,15540041887383265280,1837080450641911260734667177361011,1599906899090376924,201037,25603016,12
-339983746,183342150178621095,1837089502596180156079479866284021,1599906899090376924,201037,25603018,166
-39677585410,21409244938772418560,1838146518159314665916418060833379,1599906899090376924,201048,25603019,30
-5901377778,3186372245191623168,1838303835480067432073504389912072,1599906899090376924,201050,25603020,462
-12112891402,6541907249617661952,1838626822012063494034218598721175,1599906899090376924,201054,25603021,32
-2882098694,1556896927544337664,1838703689005146017323304829038563,1599906899090376924,201054,25603024,30
-4214550050,2276915618114606336,1838816104704586801552497151180390,1599906899090376924,201056,25603026,773
-40515416684,21902731411262685184,1839899834870062381636767976611606,1594698869190273926,201067,25603027,13
-2342266428,1267024878604296018,1839962594619107366149874421748288,1594698869190273926,201068,25603028,151
-23029339875,12462088418632400625,1840579881268278238628049559036105,1594698869190273926,201075,25603031,186
-3118746447,1688320196306602752,1840663509106702769869207622748210,1594698869190273926,201076,25603033,491
-1948169682,1054711268721936119,1840715752291235043580485120310941,1594698869190273926,201076,25603034,407
1773205531,-954239474356534146,1840668504881988025243001554799464,1600143613305458701,201076,25603062,160
22468553511,-12087070062593284973,1840070035880032491119816778533772,1600143613305458701,201069,25603063,80
2342937040,-1259942110248260776,1840007652168071095619655708560758,1600143613305458701,201069,25603101,307
10673770464,-5738865358536073444,1839723502824541652045612710149015,1600143613305458701,201065,25603106,12
2423308352,-1302670434989489010,1839659003498313880031499012394263,1600143613305458701,201065,25603106,133
9650947143,-5187044265088903306,1839402176559415429773796321117296,1600143613305458701,201062,25603108,36
10402432600,-5589319657098169058,1839125445907508654490934815996349,1600577606169251662,201059,25603110,22
-4860864,2627131938000940,1839125575559708474171389402871896,1600577606169251662,201059,25603138,291
-10236424786,5533261973223875288,1839398708746044836826071198334976,1600143613305458701,201062,25603152,63
-20784765434,11240187209684803584,1839953576292570084187132710489681,1600143613305458701,201068,25603153,8
446754,-240224583503476,1839953564398292480929477665089455,1600143613305458701,201068,25603166,374
307555,-165375828017734,1839953556210225078311698567600080,1600185041702411256,201068,25603167,564
413096,-222126282690163,1839953545212336231067662375802639,1600185041702411256,201068,25603168,68
194136,-104388932092231,1839953540043844424835734169497957,1600185041702411256,201068,25603180,342
168646,-90682939297521,1839953535553962027052798826292002,1600185041702411256,201068,25603229,32
253705,-136419736972506,1839953528799564998374063631261599,1600185041702411256,201068,25603258,238
-15747667133,8520692188523842560,1840374138623772578514448662346312,1600185041702411256,201073,25603288,57
-5117261736,2769668621882752000,1840510858717209632417914992070040,1600185041702411256,201074,25603297,30
3596774571,-1935099807027649059,1840415048296541408073060515545332,1600185041702411256,201073,25603344,325
14352479195,-7719768266652831415,1840032828091463040848862424085966,1600185041702411256,201069,25603346,22
7847513496,-4219586474870636923,1839823908451382931458636923508418,1600185041702411256,201067,25603346,158
2209997893,-1188136890078479269,1839765081565639653402144241621980,1600185041702411256,201066,25603348,325
5844943877,-3141986794582252717,1839609515906736856467177775726126,1600185041702411256,201064,25603349,188
4113147021,-2210729860913179229,1839500058525164769728361427765941,1600185041702411256,201063,25603353,120
5844943833,-3141081651262477695,1839344537681605304300864445709903,1600185041702411256,201061,25603354,155
5255803211,-2824023102661793139,1839204715001420961467813362359131,1600185041702411256,201060,25603355,137
2940882890,-1579993841576515253,1839126500468488892501944767812156,1600619034566204217,201059,25603355,177
2437578002,-1309490676851656130,1839061682708662217262993676588952,1600619034566204217,201058,25603414,522
280733,-150806758307121,1839061675243961312563254428524740,1600619034566204217,201058,25603424,84
17875174012,-9599898228589479485,1838586495153914953258966154830470,1600619034566204217,201053,25603431,39
17630144491,-9463446528646086871,1838118069211623304784247935408926,1600619034566204217,201048,25603432,108
16184771518,-8683360025805297275,1837688256342703612301185604746493,1600619034566204217,201043,25603433,11
14572447498,-7814851753803615876,1837301433287745354376038762448390,1600619034566204217,201039,25603435,145
7172733674,-3845355800220107353,1837111094132902318302081659781357,1600619034566204217,201037,25603437,48
338206,-181295758788208,1837111085159043123686233105302330,1600619034566204217,201037,25603461,21
389120,-208588163606240,1837111074834252172274114694730620,1600619034566204217,201037,25603472,10
1309666,-702048903730614,1837111040083919059557649687101902,1600619034566204217,201037,25603474,31
375841,-201470008477578,1837111030111465759489389035581397,1600619034566204217,201037,25603474,47
625532,-335317366410666,1837111013513775599544856615891403,1600619034566204217,201037,25603482,111
238395,-127791640148315,1837111007189086886023104068296144,1600821367222268994,201037,25603516,59
5090703711,-2728680476666481390,1836975958804125633068541941294945,1600821367222268994,201036,25603536,43
5459473673,-2925899973878018189,1836831149593443287892372873721739,1600821367222268994,201034,25603539,32
10780949492,-5776487969148586897,1836545258527174272828575169054476,1600821367222268994,201031,25603550,13
358861,-192249410118880,1836545249012329068956902199210288,1600821367222268994,201031,25603552,17
292236918,-156557004024181079,1836537500662630878092785694081084,1600821367222268994,201031,25603553,648
375508,-201165838409760,1836537490706492070736524377042623,1600821367222268994,201031,25603555,74
16268700916,-8713376347612115853,1836106246589283390608069791367417,1600821367222268994,201026,25603558,11
1747861127,-935895964014844190,1836059927044172573277725955961304,1600821367222268994,201026,25603558,394
3570817661,-1911855157072917645,1835965305136825633189833329570542,1600821367222268994,201025,25603561,30
27494987,-14720354753439456,1835964576594164626096759817659034,1600821367222268994,201025,25603581,23
2997387,-1604749557847244,1835964497171587337270395710605195,1600821367222268994,201025,25603582,10
232367,-124404850226442,1835964491014518289394071319070507,1600821367222268994,201025,25603671,176
-2550300772,1373667631223111680,1836032272882665406666636374437107,1600821367222268994,201025,25603819,172
-3627694996,1954158875971149056,1836128698347063702351448492724816,1600821367222268994,201026,25603825,22
-3956100417,2131297581133964544,1836233864493766935374346428786037,1600821367222268994,201027,25603834,20
-24004144452,12937156961426972672,1836872231917899371797969622528152,1600821367222268994,201034,25603836,16
-4483512000,2417408863652953886,1836991515859028493065287554217438,1600821367222268994,201036,25603866,7
-4392048588,2368398292442987520,1837108381436355439775244108367118,1600821367222268994,201037,25603895,40
-3835844881,2068713736818896384,1837210459463496791187927043158578,1600821367222268994,201038,25603896,54
-3668328000,1978585087831402992,1837308090208003617269033053958718,1600821367222268994,201039,25603896,115
-20445902451,11031754404117444608,1837852437985773899867886582732713,1600821367222268994,201045,25603897,19
-11877869396,6411804231511062528,1838168820245300857342219567108408,1600821367222268994,201049,25603898,12
587281,-315175616901218,1838168804646567914570254423343676,1600821367222268994,201049,25603910,13
65468155,-35134717125960255,1838167065752313161795405645188531,1600821367222268994,201049,25603959,20
319494,-171462025774456,1838167057266281227666788033563364,1600821367222268994,201049,25603967,83
495000000,-265648911481609759,1838153909718677510488647542542739,1600821367222268994,201048,25604044,157
-489614932,264342598862368710,1838166953365316982914473592553348,1600821367222268994,201049,25604046,261
495000000,-265648881450521502,1838153805819199570198314470010260,1600821367222268994,201048,25604047,95
230441,-123668233232710,1838153799698587313869819972198458,1600821367222268994,201048,25604057,678
10866567,-5831656907999654,1838153511077089191226845323674158,1600821367222268994,201048,25604072,40
200770,-107744936054387,1838153505744555856406115861027148,1600821367222268994,201048,25604078,155
9727703,-5220471703948865,1838153247371954746471686214499057,1600821367222268994,201048,25604084,335
3608305,-1936433689156452,1838153151533601908392687550879049,1600821367222268994,201048,25604089,30
2567509041,-1377828763536340105,1838084959764408007992185860394624,1600821367222268994,201048,25604129,213
4390788749,-2356037205810494205,1837968354312698236234278986509721,1600821367222268994,201046,25604130,863
15872543480,-8514496882448601727,1837546953176667441071240753355240,1600821367222268994,201042,25604131,15
4772199,-2559359890647763,1837546826508329860981746490561830,1600821367222268994,201042,25604159,215
3447831,-1849092791247581,1837546734992669732629054964113295,1600821367222268994,201042,25604173,92
1132070,-607135669140714,1837546704944193089445728384338558,1600821367222268994,201042,25604212,64
3282897532,-1760554593919479369,1837459571233750230241721158919795,1600821367222268994,201041,25604233,53
55056192,-29524149548161070,1837458110018797461331994301792948,1600821367222268994,201041,25604236,481
336935,-180682777172804,1837458101076410305284017578243552,1600821367222268994,201041,25604237,805
1717536212,-921013526966877874,1837412518095768945630681320353463,1600821367222268994,201040,25604240,143
1033335695,-554095064702484488,1837385094715038605287193413017411,1600821367222268994,201040,25604243,218
3525938992,-1890553821301921412,1837291527057545391117674729901056,1600821367222268994,201039,25604253,51
232434,-124620784782767,1837291520889789268173982104981551,1600821367222268994,201039,25604289,33
263438,-141243807722694,1837291513899323260211610157109427,1600821367222268994,201039,25604371,31
4824541,-2586711931057492,1837291385877273175372768742126268,1600821367222268994,201039,25604408,407
10730380,-5753168162388416,1837291101140355318932869156770031,1600821367222268994,201039,25604414,502
3472016,-1861544877760435,1837291009008414102582229246789791,1600821367222268994,201039,25604418,99
16445730,-8817488900646358,1837290572611538166121653390373555,1600821367222268994,201039,25604418,114
14962702,-8022349726738154,1837290175567844903109309532809313,1600821367222268994,201039,25604419,18
2329549,-1249002379097528,1837290113751976188444646909524432,1600821367222268994,201039,25604419,116
772553,-414209021236321,1837290093251862733356618528826571,1600821367222268994,201039,25604419,536
183243,-98246752837914,1837290088389415329966690933807377,1600821367222268994,201039,25604421,375
48881976,-26208363363498344,1837288791279997432103783579603750,1600821367222268994,201039,25604424,99
44208110,-23702410001842741,1837287618195710792281016316763106,1600821367222268994,201039,25604432,74
108901,-58387646020667,1837287615305978057280314840994207,1600821367222268994,201039,25604545,46
99000000,-53079260006556159,1837284988296916307031791145881549,1600821367222268994,201039,25604546,79
461786,-247587775470728,1837284976043253960197016164156444,1600821367222268994,201039,25604580,422
-104759287,56505655583725037,1837287764072057248153597594268315,1600919165723099887,201039,25604595,237
3747173,-2009065153375754,1837287664645088116015022597810012,1600919165723099887,201039,25604608,206
2772132,-1486291873186870,1837287591089735295129835388727412,1600919165723099887,201039,25604608,945
1730197,-927653345933461,1837287545180940134119499185534273,1600919165723099887,201039,25604608,967
564959,-302905448980730,1837287530190400541533714364288516,1600919165723099887,201039,25604612,84
-480529231,259192699128112013,1837300318940540788768840536420271,1600919165723099887,201039,25604613,706
562593,-301641048165307,1837300304012575344480081375046157,1600919165723099887,201039,25604687,24
113960,-61100992637940,1837300300988737865268501320707855,1600919165723099887,201039,25604715,796
614541,-329493517685761,1837300284682376791245727529547577,1600919165723099887,201039,25604743,493
-21583469,11641993233122232,1837300859106514097901378392584493,1600919165723099887,201039,25604743,967
234443,-125699215996166,1837300852885764089976003037734687,1600919165723099887,201039,25604751,25
150000000,-80424220887209630,1837296872757735791366116693059514,1600919165723099887,201039,25604752,149
8800955,-4718722098412019,1837296639232090476366396222133316,1600919165723099887,201039,25604829,94
10301527,-5523267470029855,1837296365890161605384646737016939,1600919165723099887,201039,25604838,60
126957,-68069197561241,1837296362521473440444269195072338,1600919165723099887,201039,25604839,19
665907,-357032552507734,1837296344852228360110196899771941,1600919165723099887,201039,25604861,113
562636,-301662867517525,1837296329923183094166166236489534,1600919165723099887,201039,25604982,33
591614,-317199671177374,1837296314225234293508855217606110,1600919165723099887,201039,25605024,10
1190733,-638422945824040,1837296282630211891652563356486374,1600919165723099887,201039,25605133,38
307965,-165118446937263,1837296274458636818941388703186603,1600919165723099887,201039,25605200,25
172594,-92537875000359,1837296269879014089556662889192209,1600919165723099887,201039,25605669,10
74651,-40024851798387,1837296267898217350541023339303766,1600919165723099887,201039,25605673,17
604325,-324014850394080,1837296251862990979531705980227137,1600919165723099887,201039,25605704,175
128854,-69086118359181,1837296248443976247224070496080165,1600919165723099887,201039,25605797,164
308696,-165509939727149,1837296240253026520848706578982759,1600919165723099887,201039,25605799,23
97337,-52187668337933,1837296237670302073015170262350169,1600919165723099887,201039,25605821,7
119181,-63899831988870,1837296234507952354276106761575233,1600919165723099887,201039,25605926,30
